317.290909,449.000012,245.43494,monalisa,240,330,-78,036861,460,777054,183,080716,13:33:42:952
317.567124,449.000018,243.943927,monalisa,240,330,-78,036861,460,777054,183,080716,13:33:43:9
318.944237,449.000011,246.381944,monalisa,240,330,-78,036861,460,777054,183,080716,13:33:43:38
320.852134,449.000009,247.18604,monalisa,240,330,-78,036861,460,777054,183,080716,13:33:43:65
321.202704,448.999987,246.513848,monalisa,240,330,-78,036861,460,777054,183,080716,13:33:43:94
320.512695,448.999998,245.434017,monalisa,240,330,-78,036861,460,777054,183,080716,13:33:43:120
316.25521,449.000001,242.602897,monalisa,240,330,-78,036861,460,777054,183,080716,13:33:43:161
316.419475,449.000019,241.943193,monalisa,240,330,-78,036861,460,777054,183,080716,13:33:43:188
316.31219,449.000013,240.795062,monalisa,240,330,-78,036861,460,777054,183,080716,13:33:43:216
314.786801,448.999996,239.748018,monalisa,240,330,-78,036861,460,777054,183,080716,13:33:43:244
313.976989,448.999991,240.199452,monalisa,240,330,-78,036861,460,777054,183,080716,13:33:43:286
314.986012,448.999977,241.218564,monalisa,240,330,-78,036861,460,777054,183,080716,13:33:43:329
314.622941,449.000004,242.568255,monalisa,240,330,-78,036861,460,777054,183,080716,13:33:43:357
314.111035,448.999984,244.008304,monalisa,240,330,-78,036861,460,777054,183,080716,13:33:43:386
314.617043,448.999979,246.227641,monalisa,240,330,-78,036861,460,777054,183,080716,13:33:43:416
314.651474,448.999999,247.215189,monalisa,240,330,-78,036861,460,777054,183,080716,13:33:43:473
313.862694,448.999996,246.449587,monalisa,240,330,-78,036861,460,777054,183,080716,13:33:43:496
313.446036,449.000001,244.407906,monalisa,240,330,-78,036861,460,777054,183,080716,13:33:43:551
313.544787,449.000003,242.879797,monalisa,240,330,-78,036861,460,777054,183,080716,13:33:43:576
314.137422,448.999993,242.42393,monalisa,240,330,-78,036861,460,777054,183,080716,13:33:43:609
314.022093,449.000002,242.260022,monalisa,240,330,-78,036861,460,777054,183,080716,13:33:43:633
314.775799,448.999989,243.503013,monalisa,240,330,-78,036861,460,777054,183,080716,13:33:43:688
314.277394,449.00001,244.91327,monalisa,240,330,-78,036861,460,777054,183,080716,13:33:43:715
314.663929,448.999986,243.510309,monalisa,240,330,-78,036861,460,777054,183,080716,13:33:43:745
314.557522,449.000009,242.027936,monalisa,240,330,-78,036861,460,777054,183,080716,13:33:43:802
315.925057,448.999994,242.112061,monalisa,240,330,-78,036861,460,777054,183,080716,13:33:43:825
316.463721,449.000012,241.768959,monalisa,240,330,-78,036861,460,777054,183,080716,13:33:43:854
317.776709,448.999994,241.055144,monalisa,240,330,-78,036861,460,777054,183,080716,13:33:43:882
316.784984,448.999995,240.164291,monalisa,240,330,-78,036861,460,777054,183,080716,13:33:43:911
318.274378,449.000004,241.216889,monalisa,240,330,-78,036861,460,777054,183,080716,13:33:43:939
319.183673,448.999988,241.670221,monalisa,240,330,-78,036861,460,777054,183,080716,13:33:43:969
320.398248,449.000017,243.09679,monalisa,240,330,-78,036861,460,777054,183,080716,13:33:44:26
325.059083,449.000023,256.266136,monalisa,240,330,-78,036861,460,777054,183,080716,13:33:44:49
325.174198,449.000012,256.693373,monalisa,240,330,-78,036861,460,777054,183,080716,13:33:44:76
324.907647,448.999989,255.646858,monalisa,240,330,-78,036861,460,777054,183,080716,13:33:44:105
323.906543,449.000022,254.750123,monalisa,240,330,-78,036861,460,777054,183,080716,13:33:44:162
323.839521,449.000017,255.592652,monalisa,240,330,-78,036861,460,777054,183,080716,13:33:44:186
323.853515,448.999985,254.708542,monalisa,240,330,-78,036861,460,777054,183,080716,13:33:44:219
325.45036,448.999992,253.010443,monalisa,240,330,-78,036861,460,777054,183,080716,13:33:44:243
324.463651,449.000009,252.479228,monalisa,240,330,-78,036861,460,777054,183,080716,13:33:44:299
324.353219,448.999991,252.310152,monalisa,240,330,-78,036861,460,777054,183,080716,13:33:44:322
323.970231,449.000008,252.816463,monalisa,240,330,-78,036861,460,777054,183,080716,13:33:44:351
324.268722,449.000022,251.670111,monalisa,240,330,-78,036861,460,777054,183,080716,13:33:44:380
323.832659,449.000015,251.635428,monalisa,240,330,-78,036861,460,777054,183,080716,13:33:44:407
324.644956,448.999998,251.252302,monalisa,240,330,-78,036861,460,777054,183,080716,13:33:44:433
324.955033,448.999993,251.52101,monalisa,240,330,-78,036861,460,777054,183,080716,13:33:44:466
325.026949,449.000015,252.124049,monalisa,240,330,-78,036861,460,777054,183,080716,13:33:44:490
325.013651,448.99999,252.502126,monalisa,240,330,-78,036861,460,777054,183,080716,13:33:44:521
325.03544,448.999998,252.157708,monalisa,240,330,-78,036861,460,777054,183,080716,13:33:44:547
324.736474,449.00002,252.377891,monalisa,240,330,-78,036861,460,777054,183,080716,13:33:44:604
323.905726,448.999997,253.192494,monalisa,240,330,-78,036861,460,777054,183,080716,13:33:44:628
324.038683,449.000002,253.407857,monalisa,240,330,-78,036861,460,777054,183,080716,13:33:44:658
324.297428,448.999993,253.343921,monalisa,240,330,-78,036861,460,777054,183,080716,13:33:44:688
324.694095,449.000019,253.643282,monalisa,240,330,-78,036861,460,777054,183,080716,13:33:44:710
324.440536,449.000002,253.983534,monalisa,240,330,-78,036861,460,777054,183,080716,13:33:44:740
324.343511,448.999993,254.289603,monalisa,240,330,-78,036861,460,777054,183,080716,13:33:44:765
307.732248,449.000008,255.586683,monalisa,240,330,-78,036861,460,777054,183,080716,13:33:44:794
307.499699,449.000007,255.63662,monalisa,240,330,-78,036861,460,777054,183,080716,13:33:44:820
296.292892,449.0,256.772958,monalisa,240,330,-78,036861,460,777054,183,080716,13:33:44:843
296.081429,448.999993,256.821329,monalisa,240,330,-78,036861,460,777054,183,080716,13:33:44:894
295.758795,449.000005,257.102707,monalisa,240,330,-78,036861,460,777054,183,080716,13:33:44:916
295.743101,448.999995,257.767876,monalisa,240,330,-78,036861,460,777054,183,080716,13:33:44:942
296.04136,448.999986,257.344223,monalisa,240,330,-78,036861,460,777054,183,080716,13:33:44:969
294.655889,449.000007,257.690586,monalisa,240,330,-78,036861,460,777054,183,080716,13:33:44:998
294.60903,448.999999,257.771723,monalisa,240,330,-78,036861,460,777054,183,080716,13:33:45:25
295.39424,449.000002,257.471125,monalisa,240,330,-78,036861,460,777054,183,080716,13:33:45:54
294.968101,448.999995,257.52604,monalisa,240,330,-78,036861,460,777054,183,080716,13:33:45:82
295.236632,448.999986,257.59968,monalisa,240,330,-78,036861,460,777054,183,080716,13:33:45:110
295.735124,449.000007,257.801724,monalisa,240,330,-78,036861,460,777054,183,080716,13:33:45:138
295.986365,448.999988,257.300591,monalisa,240,330,-78,036861,460,777054,183,080716,13:33:45:166
296.137391,448.999979,257.774471,monalisa,240,330,-78,036861,460,777054,183,080716,13:33:45:195
296.551984,449.000005,258.402097,monalisa,240,330,-78,036861,460,777054,183,080716,13:33:45:223
296.661989,449.000003,258.67456,monalisa,240,330,-78,036861,460,777054,183,080716,13:33:45:251
296.781421,448.99999,257.357826,monalisa,240,330,-78,036861,460,777054,183,080716,13:33:45:280
295.741682,448.999996,255.757538,monalisa,240,330,-78,036861,460,777054,183,080716,13:33:45:308
291.256493,449.000002,229.359285,monalisa,240,330,-78,036861,460,777054,183,080716,13:33:45:337
272.356063,449.00001,180.177515,monalisa,240,330,-78,036861,460,777054,183,080716,13:33:45:365
271.885683,449.00001,164.997402,monalisa,240,330,-78,036861,460,777054,183,080716,13:33:45:396
271.90977,448.999988,164.689925,monalisa,240,330,-78,036861,460,777054,183,080716,13:33:45:420
270.986013,448.999981,162.535902,monalisa,240,330,-78,036861,460,777054,183,080716,13:33:45:472
270.853509,449.000002,161.79906,monalisa,240,330,-78,036861,460,777054,183,080716,13:33:45:498
270.747561,449.000016,161.762362,monalisa,240,330,-78,036861,460,777054,183,080716,13:33:45:527
271.382583,448.999988,161.895717,monalisa,240,330,-78,036861,460,777054,183,080716,13:33:45:556
296.529466,448.999992,137.928699,monalisa,240,330,-78,036861,460,777054,183,080716,13:33:45:586
305.617455,449.000016,130.99376,monalisa,240,330,-78,036861,460,777054,183,080716,13:33:45:613
305.275286,448.999993,129.822881,monalisa,240,330,-78,036861,460,777054,183,080716,13:33:45:642
305.756747,449.000018,129.519449,monalisa,240,330,-78,036861,460,777054,183,080716,13:33:45:669
305.829873,448.999993,129.453985,monalisa,240,330,-78,036861,460,777054,183,080716,13:33:45:698
305.922347,449.000015,129.361187,monalisa,240,330,-78,036861,460,777054,183,080716,13:33:45:724
307.718459,449.000013,130.506146,monalisa,240,330,-78,036861,460,777054,183,080716,13:33:45:751
307.956634,449.000008,130.300942,monalisa,240,330,-78,036861,460,777054,183,080716,13:33:45:777
307.289308,449.000005,130.649633,monalisa,240,330,-78,036861,460,777054,183,080716,13:33:45:805
307.161681,448.999982,130.807652,monalisa,240,330,-78,036861,460,777054,183,080716,13:33:45:831
307.149474,448.999995,130.779286,monalisa,240,330,-78,036861,460,777054,183,080716,13:33:45:858
306.984222,449.00001,130.886191,monalisa,240,330,-78,036861,460,777054,183,080716,13:33:45:887
306.350775,449.000021,130.877862,monalisa,240,330,-78,036861,460,777054,183,080716,13:33:45:928
306.414398,448.999996,131.275263,monalisa,240,330,-78,036861,460,777054,183,080716,13:33:45:957
307.535953,449.000007,131.07113,monalisa,240,330,-78,036861,460,777054,183,080716,13:33:45:982
307.510423,449.000013,130.268141,monalisa,240,330,-78,036861,460,777054,183,080716,13:33:46:8
