319.284147,453.73562,243.896977,wall,0,0,0,0,0,13:32:27:597
320.742898,453.739085,244.026147,wall,0,0,0,0,0,13:32:27:639
319.648871,453.74352,243.033108,wall,0,0,0,0,0,13:32:27:694
318.942364,453.747646,242.2321,wall,0,0,0,0,0,13:32:27:720
319.533695,453.762982,240.504709,wall,0,0,0,0,0,13:32:27:772
319.814598,453.763678,240.524518,wall,0,0,0,0,0,13:32:27:803
319.895618,453.750205,242.277146,wall,0,0,0,0,0,13:32:27:828
319.892292,453.747049,242.678761,wall,0,0,0,0,0,13:32:27:853
319.840256,453.743059,243.166022,wall,0,0,0,0,0,13:32:27:883
320.424673,453.74446,243.215455,wall,0,0,0,0,0,13:32:27:906
320.64739,453.74207,243.608373,wall,0,0,0,0,0,13:32:27:957
320.343776,453.738801,243.90649,wall,0,0,0,0,0,13:32:27:983
320.034253,453.736711,244.053756,wall,0,0,0,0,0,13:32:28:11
319.847388,453.736221,244.043337,wall,0,0,0,0,0,13:32:28:52
320.017782,453.736673,244.05326,wall,0,0,0,0,0,13:32:28:77
320.32524,453.763743,240.715025,wall,0,0,0,0,0,13:32:28:119
317.682117,453.767367,239.22254,wall,0,0,0,0,0,13:32:28:146
315.776832,453.770098,238.130373,wall,0,0,0,0,0,13:32:28:177
315.52195,453.78065,236.686716,wall,0,0,0,0,0,13:32:28:207
316.677713,453.751178,240.896774,wall,0,0,0,0,0,13:32:28:236
317.264719,453.728431,244.028989,wall,0,0,0,0,0,13:32:28:268
317.789703,453.722978,244.930216,wall,0,0,0,0,0,13:32:28:291
320.95407,453.723072,246.152043,wall,0,0,0,0,0,13:32:28:345
322.548226,453.70089,249.605431,wall,0,0,0,0,0,13:32:28:371
321.885024,453.724756,246.299384,wall,0,0,0,0,0,13:32:28:428
321.218641,453.712465,247.607837,wall,0,0,0,0,0,13:32:28:453
320.611369,453.717999,246.663859,wall,0,0,0,0,0,13:32:28:481
319.199078,453.707559,247.445644,wall,0,0,0,0,0,13:32:28:510
319.046425,453.72035,245.753184,wall,0,0,0,0,0,13:32:28:539
318.568632,453.732204,244.056571,wall,0,0,0,0,0,13:32:28:568
317.46302,453.750757,241.258967,wall,0,0,0,0,0,13:32:28:597
317.252045,453.75956,240.048383,wall,0,0,0,0,0,13:32:28:625
319.998531,453.775119,239.137919,wall,0,0,0,0,0,13:32:28:654
323.49268,453.798072,237.569185,wall,0,0,0,0,0,13:32:28:682
325.192533,453.822859,235.067776,wall,0,0,0,0,0,13:32:28:710
323.999306,453.881801,227.077952,wall,0,0,0,0,0,13:32:28:738
320.984089,453.898823,223.731236,wall,0,0,0,0,0,13:32:28:766
319.135366,453.897976,223.116785,wall,0,0,0,0,0,13:32:28:792
317.173631,453.86673,226.340433,wall,0,0,0,0,0,13:32:28:820
316.514083,453.808664,233.498134,wall,0,0,0,0,0,13:32:28:845
316.083694,453.804392,233.873176,wall,0,0,0,0,0,13:32:28:876
316.262363,453.807935,233.490907,wall,0,0,0,0,0,13:32:28:900
318.307726,453.799692,235.338783,wall,0,0,0,0,0,13:32:28:955
319.314979,453.743308,242.929755,wall,0,0,0,0,0,13:32:29:5
320.436429,453.729851,245.084483,wall,0,0,0,0,0,13:32:29:34
321.061223,453.713471,247.420211,wall,0,0,0,0,0,13:32:29:64
321.076596,453.70621,248.352983,wall,0,0,0,0,0,13:32:29:97
320.997223,453.687917,250.656607,wall,0,0,0,0,0,13:32:29:120
321.002832,453.695878,249.642675,wall,0,0,0,0,0,13:32:29:175
320.309585,453.694813,249.505656,wall,0,0,0,0,0,13:32:29:199
320.475006,453.684699,250.865315,wall,0,0,0,0,0,13:32:29:227
321.334355,453.694312,249.972958,wall,0,0,0,0,0,13:32:29:278
323.108331,453.679,252.615644,wall,0,0,0,0,0,13:32:29:305
330.963087,453.614451,263.919638,wall,0,0,0,0,0,13:32:29:355
331.154939,453.640684,264.680889,wall,0,0,0,0,0,13:32:29:384
330.430054,453.626941,262.113733,wall,0,0,0,0,0,13:32:29:409
330.74721,453.633602,261.390483,wall,0,0,0,0,0,13:32:29:434
331.141056,453.623094,262.884074,wall,0,0,0,0,0,13:32:29:464
330.792766,453.635648,261.147477,wall,0,0,0,0,0,13:32:29:513
330.49644,453.62596,262.266317,wall,0,0,0,0,0,13:32:29:541
328.973776,453.624413,261.870719,wall,0,0,0,0,0,13:32:29:574
329.088553,453.624652,261.886709,wall,0,0,0,0,0,13:32:29:596
329.165169,453.630439,261.178756,wall,0,0,0,0,0,13:32:29:648
329.097559,453.627244,261.560688,wall,0,0,0,0,0,13:32:29:673
328.647832,453.624339,261.756583,wall,0,0,0,0,0,13:32:29:706
328.598846,453.61767,262.584655,wall,0,0,0,0,0,13:32:29:730
329.085722,453.620566,262.404002,wall,0,0,0,0,0,13:32:29:762
329.157233,453.620862,262.39505,wall,0,0,0,0,0,13:32:29:785
330.414066,453.632204,261.439189,wall,0,0,0,0,0,13:32:29:814
330.218548,453.629905,261.655717,wall,0,0,0,0,0,13:32:29:842
328.763705,453.654834,257.905369,wall,0,0,0,0,0,13:32:29:884
328.619589,453.660012,257.189372,wall,0,0,0,0,0,13:32:29:913
329.041527,453.665784,256.618154,wall,0,0,0,0,0,13:32:29:941
329.031881,453.660591,257.276457,wall,0,0,0,0,0,13:32:29:966
328.84088,453.65246,258.239887,wall,0,0,0,0,0,13:32:30:19
328.7563,453.635083,260.424633,wall,0,0,0,0,0,13:32:30:41
302.585508,453.562009,259.553362,wall,0,0,0,0,0,13:32:30:96
302.274986,453.558898,259.828919,wall,0,0,0,0,0,13:32:30:119
300.488823,453.559686,259.032569,wall,0,0,0,0,0,13:32:30:176
300.314845,453.564588,258.336968,wall,0,0,0,0,0,13:32:30:202
300.538209,453.563665,258.544316,wall,0,0,0,0,0,13:32:30:229
300.190144,453.561724,258.654344,wall,0,0,0,0,0,13:32:30:255
301.43974,453.573224,257.671465,wall,0,0,0,0,0,13:32:30:303
301.401959,453.568131,258.309701,wall,0,0,0,0,0,13:32:30:330
301.466682,453.567666,258.394431,wall,0,0,0,0,0,13:32:30:355
301.138847,453.566713,258.387566,wall,0,0,0,0,0,13:32:30:379
301.683393,453.566173,258.668371,wall,0,0,0,0,0,13:32:30:410
301.970366,453.554173,260.311706,wall,0,0,0,0,0,13:32:30:433
303.004657,453.562371,259.669005,wall,0,0,0,0,0,13:32:30:484
303.342348,453.561466,259.912439,wall,0,0,0,0,0,13:32:30:509
302.623557,453.569186,258.649077,wall,0,0,0,0,0,13:32:30:565
302.826892,453.56901,258.752573,wall,0,0,0,0,0,13:32:30:592
302.989836,453.562977,259.58467,wall,0,0,0,0,0,13:32:30:621
303.325813,453.567544,259.134419,wall,0,0,0,0,0,13:32:30:650
303.245376,453.56941,258.861783,wall,0,0,0,0,0,13:32:30:679
303.190147,453.570774,258.666731,wall,0,0,0,0,0,13:32:30:707
303.208371,453.568918,258.910439,wall,0,0,0,0,0,13:32:30:735
302.669765,453.564421,259.277539,wall,0,0,0,0,0,13:32:30:764
302.470271,453.566859,258.889719,wall,0,0,0,0,0,13:32:30:793
302.426548,453.568914,258.608602,wall,0,0,0,0,0,13:32:30:821
303.088361,453.573969,258.219364,wall,0,0,0,0,0,13:32:30:854
303.726866,453.574329,258.423519,wall,0,0,0,0,0,13:32:30:877
303.407237,453.576441,258.029608,wall,0,0,0,0,0,13:32:30:930
303.410142,453.579015,257.702361,wall,0,0,0,0,0,13:32:30:954
303.275285,453.583885,257.026809,wall,0,0,0,0,0,13:32:30:985
303.726011,453.593756,255.943869,wall,0,0,0,0,0,13:32:31:12
304.911982,453.617117,253.423462,wall,0,0,0,0,0,13:32:31:41
309.422217,454.000012,200.695078,monalisa,240,330,-78,036861,460,777054,183,080716,13:32:31:69
319.390843,453.999995,155.665529,monalisa,240,330,-78,036861,460,777054,183,080716,13:32:31:98
319.554207,454.000011,155.365807,monalisa,240,330,-78,036861,460,777054,183,080716,13:32:31:126
319.285382,454.000022,131.456098,monalisa,240,330,-78,036861,460,777054,183,080716,13:32:31:153
320.053175,454.000015,130.984749,monalisa,240,330,-78,036861,460,777054,183,080716,13:32:31:180
320.001075,453.999998,131.748151,monalisa,240,330,-78,036861,460,777054,183,080716,13:32:31:221
320.020873,454.000026,131.192128,monalisa,240,330,-78,036861,460,777054,183,080716,13:32:31:249
319.743354,454.000023,129.986793,monalisa,240,330,-78,036861,460,777054,183,080716,13:32:31:277
319.757611,454.000001,129.902626,monalisa,240,330,-78,036861,460,777054,183,080716,13:32:31:304
319.558288,453.999987,131.711546,monalisa,240,330,-78,036861,460,777054,183,080716,13:32:31:332
319.473775,453.999987,131.587305,monalisa,240,330,-78,036861,460,777054,183,080716,13:32:31:359
319.355014,453.999991,131.593474,monalisa,240,330,-78,036861,460,777054,183,080716,13:32:31:388
307.299521,454.000006,87.109682,monalisa,240,330,-78,036861,460,777054,183,080716,13:32:31:415
307.213183,454.000011,72.531728,monalisa,240,330,-78,036861,460,777054,183,080716,13:32:31:444
307.464664,454.000005,69.377999,monalisa,240,330,-78,036861,460,777054,183,080716,13:32:31:471
307.413602,453.999987,67.409673,monalisa,240,330,-78,036861,460,777054,183,080716,13:32:31:499
306.831429,454.000005,67.13651,monalisa,240,330,-78,036861,460,777054,183,080716,13:32:31:527
306.755529,454.000012,67.576779,monalisa,240,330,-78,036861,460,777054,183,080716,13:32:31:569
306.837015,453.999983,67.413754,monalisa,240,330,-78,036861,460,777054,183,080716,13:32:31:598
306.732317,454.000005,67.17264,monalisa,240,330,-78,036861,460,777054,183,080716,13:32:31:628
