-147.073525,-448.599757,212.546967,wall,0,0,0,0,0,13:31:32:492
-147.59449,-448.566791,230.393508,wall,0,0,0,0,0,13:31:32:564
-142.516856,-448.608708,232.017321,wall,0,0,0,0,0,13:31:32:587
-144.714196,-448.588382,232.686883,wall,0,0,0,0,0,13:31:32:622
-145.307683,-448.5825,233.108536,wall,0,0,0,0,0,13:31:32:649
-144.957397,-448.585042,233.436427,wall,0,0,0,0,0,13:31:32:680
-145.165827,-448.582606,233.828722,wall,0,0,0,0,0,13:31:32:710
-144.792385,-448.585854,233.832507,wall,0,0,0,0,0,13:31:32:740
-145.249077,-448.581393,234.134163,wall,0,0,0,0,0,13:31:32:769
-143.513417,-448.596326,234.306015,wall,0,0,0,0,0,13:31:32:797
-143.249391,-448.600103,233.397256,wall,0,0,0,0,0,13:31:32:826
-140.282654,-448.626649,233.05362,wall,0,0,0,0,0,13:31:32:854
-140.03225,-448.629931,232.36425,wall,0,0,0,0,0,13:31:32:881
-141.475413,-448.619403,231.046524,wall,0,0,0,0,0,13:31:32:910
-143.655834,-448.600345,231.006607,wall,0,0,0,0,0,13:31:32:935
-144.522304,-448.592677,231.055578,wall,0,0,0,0,0,13:31:32:964
-145.107537,-448.587455,231.093039,wall,0,0,0,0,0,13:31:32:990
-148.21134,-448.558763,232.028597,wall,0,0,0,0,0,13:31:33:19
-150.702344,-448.536193,232.486228,wall,0,0,0,0,0,13:31:33:47
-152.357612,-448.521176,232.811394,wall,0,0,0,0,0,13:31:33:75
-152.610309,-448.520104,232.078037,wall,0,0,0,0,0,13:31:33:102
-152.562505,-448.520161,232.307968,wall,0,0,0,0,0,13:31:33:130
-152.099097,-448.523787,232.587588,wall,0,0,0,0,0,13:31:33:157
-151.690873,-448.528428,231.910839,wall,0,0,0,0,0,13:31:33:186
-151.458199,-448.529794,232.337919,wall,0,0,0,0,0,13:31:33:214
-152.008889,-448.524477,232.646254,wall,0,0,0,0,0,13:31:33:241
-152.118284,-448.523862,232.428169,wall,0,0,0,0,0,13:31:33:270
-152.28453,-448.521864,232.779003,wall,0,0,0,0,0,13:31:33:297
-151.943106,-448.527115,231.360842,wall,0,0,0,0,0,13:31:33:326
-151.803154,-448.528057,231.535128,wall,0,0,0,0,0,13:31:33:353
-151.879412,-448.52704,231.752311,wall,0,0,0,0,0,13:31:33:382
-158.225225,-448.484834,238.105906,wall,0,0,0,0,0,13:31:33:409
-162.163282,-449.000008,264.39088,monalisa,240,330,-78,036861,460,777054,183,080716,13:31:33:435
-161.757499,-448.999988,264.282676,monalisa,240,330,-78,036861,460,777054,183,080716,13:31:33:463
-161.893935,-449.000016,265.836501,monalisa,240,330,-78,036861,460,777054,183,080716,13:31:33:487
-163.006617,-449.000002,266.576173,monalisa,240,330,-78,036861,460,777054,183,080716,13:31:33:528
-163.21972,-449.000005,266.547769,monalisa,240,330,-78,036861,460,777054,183,080716,13:31:33:553
-163.715699,-449.000001,266.711525,monalisa,240,330,-78,036861,460,777054,183,080716,13:31:33:581
-163.346911,-448.99999,265.849902,monalisa,240,330,-78,036861,460,777054,183,080716,13:31:33:610
-162.717269,-449.000023,265.864511,monalisa,240,330,-78,036861,460,777054,183,080716,13:31:33:639
-162.799255,-449.000008,268.234267,monalisa,240,330,-78,036861,460,777054,183,080716,13:31:33:665
-162.918026,-449.000008,268.60453,monalisa,240,330,-78,036861,460,777054,183,080716,13:31:33:695
-163.240556,-449.0,268.907718,monalisa,240,330,-78,036861,460,777054,183,080716,13:31:33:720
-162.793124,-448.99999,268.238652,monalisa,240,330,-78,036861,460,777054,183,080716,13:31:33:761
-162.702504,-449.00002,268.90509,monalisa,240,330,-78,036861,460,777054,183,080716,13:31:33:788
-162.467781,-449.000006,269.453919,monalisa,240,330,-78,036861,460,777054,183,080716,13:31:33:817
-161.577319,-449.000008,269.162996,monalisa,240,330,-78,036861,460,777054,183,080716,13:31:33:844
-161.635258,-448.999996,265.091423,monalisa,240,330,-78,036861,460,777054,183,080716,13:31:33:873
-162.064201,-449.000005,264.298376,monalisa,240,330,-78,036861,460,777054,183,080716,13:31:33:900
-162.154879,-449.000007,264.113046,monalisa,240,330,-78,036861,460,777054,183,080716,13:31:33:929
-162.216723,-449.000025,264.162213,monalisa,240,330,-78,036861,460,777054,183,080716,13:31:33:957
-162.074951,-449.000006,265.943738,monalisa,240,330,-78,036861,460,777054,183,080716,13:31:33:985
-161.484709,-449.000006,265.6949,monalisa,240,330,-78,036861,460,777054,183,080716,13:31:34:27
-161.37452,-449.000004,265.56547,monalisa,240,330,-78,036861,460,777054,183,080716,13:31:34:55
-161.064334,-449.000003,263.956922,monalisa,240,330,-78,036861,460,777054,183,080716,13:31:34:80
-162.483836,-448.999993,263.368467,monalisa,240,330,-78,036861,460,777054,183,080716,13:31:34:135
-162.093612,-449.0,263.563226,monalisa,240,330,-78,036861,460,777054,183,080716,13:31:34:165
-161.735158,-448.999982,264.038773,monalisa,240,330,-78,036861,460,777054,183,080716,13:31:34:192
-161.927903,-448.99999,263.609747,monalisa,240,330,-78,036861,460,777054,183,080716,13:31:34:218
-161.345117,-448.999988,266.194565,monalisa,240,330,-78,036861,460,777054,183,080716,13:31:34:273
-161.40313,-449.0,266.431461,monalisa,240,330,-78,036861,460,777054,183,080716,13:31:34:295
-161.573133,-449.000013,267.691946,monalisa,240,330,-78,036861,460,777054,183,080716,13:31:34:351
-160.612667,-448.999996,267.495454,monalisa,240,330,-78,036861,460,777054,183,080716,13:31:34:376
-160.314847,-449.0,266.145685,monalisa,240,330,-78,036861,460,777054,183,080716,13:31:34:407
-159.668838,-449.000003,265.885505,monalisa,240,330,-78,036861,460,777054,183,080716,13:31:34:432
-159.819882,-449.000011,265.663311,monalisa,240,330,-78,036861,460,777054,183,080716,13:31:34:463
-160.049921,-449.00001,265.186294,monalisa,240,330,-78,036861,460,777054,183,080716,13:31:34:488
-159.864824,-449.000005,265.087473,monalisa,240,330,-78,036861,460,777054,183,080716,13:31:34:516
-161.021963,-449.000012,264.428563,monalisa,240,330,-78,036861,460,777054,183,080716,13:31:34:545
-160.906349,-448.999996,264.635546,monalisa,240,330,-78,036861,460,777054,183,080716,13:31:34:574
-160.903412,-449.000005,265.66861,monalisa,240,330,-78,036861,460,777054,183,080716,13:31:34:603
-159.637168,-449.000001,267.304476,monalisa,240,330,-78,036861,460,777054,183,080716,13:31:34:632
-159.45779,-449.00001,267.190134,monalisa,240,330,-78,036861,460,777054,183,080716,13:31:34:659
-136.847297,-449.000007,267.257367,monalisa,240,330,-78,036861,460,777054,183,080716,13:31:34:687
-136.724499,-449.000018,267.164011,monalisa,240,330,-78,036861,460,777054,183,080716,13:31:34:715
-136.58776,-449.000007,267.20968,monalisa,240,330,-78,036861,460,777054,183,080716,13:31:34:744
-137.121907,-448.999993,266.296298,monalisa,240,330,-78,036861,460,777054,183,080716,13:31:34:772
-137.24904,-449.000003,266.512184,monalisa,240,330,-78,036861,460,777054,183,080716,13:31:34:801
-137.585746,-449.000022,267.432726,monalisa,240,330,-78,036861,460,777054,183,080716,13:31:34:829
-137.351775,-449.000005,267.636692,monalisa,240,330,-78,036861,460,777054,183,080716,13:31:34:857
-136.531221,-449.000015,267.71724,monalisa,240,330,-78,036861,460,777054,183,080716,13:31:34:885
-136.097043,-449.000012,265.290633,monalisa,240,330,-78,036861,460,777054,183,080716,13:31:34:917
-135.755996,-449.000009,265.148733,monalisa,240,330,-78,036861,460,777054,183,080716,13:31:34:939
-134.794317,-449.000012,265.572534,monalisa,240,330,-78,036861,460,777054,183,080716,13:31:34:992
-133.86922,-449.000004,265.373369,monalisa,240,330,-78,036861,460,777054,183,080716,13:31:35:18
-135.512704,-449.0,265.333841,monalisa,240,330,-78,036861,460,777054,183,080716,13:31:35:49
-135.520042,-449.000003,264.950187,monalisa,240,330,-78,036861,460,777054,183,080716,13:31:35:74
-136.787138,-449.000018,265.728633,monalisa,240,330,-78,036861,460,777054,183,080716,13:31:35:105
-136.669055,-448.99999,265.763798,monalisa,240,330,-78,036861,460,777054,183,080716,13:31:35:130
-136.90252,-449.000007,265.495361,monalisa,240,330,-78,036861,460,777054,183,080716,13:31:35:161
-136.98393,-449.000007,265.547981,monalisa,240,330,-78,036861,460,777054,183,080716,13:31:35:186
-136.888945,-449.000009,265.496593,monalisa,240,330,-78,036861,460,777054,183,080716,13:31:35:216
-136.021319,-448.999995,265.339439,monalisa,240,330,-78,036861,460,777054,183,080716,13:31:35:241
-136.427364,-448.999993,264.644214,monalisa,240,330,-78,036861,460,777054,183,080716,13:31:35:268
-136.187788,-448.999998,264.259155,monalisa,240,330,-78,036861,460,777054,183,080716,13:31:35:296
-135.750994,-448.999987,263.615512,monalisa,240,330,-78,036861,460,777054,183,080716,13:31:35:323
-135.898796,-449.00002,263.748821,monalisa,240,330,-78,036861,460,777054,183,080716,13:31:35:351
-135.954668,-449.000001,264.863982,monalisa,240,330,-78,036861,460,777054,183,080716,13:31:35:393
-135.949881,-448.999996,265.912982,monalisa,240,330,-78,036861,460,777054,183,080716,13:31:35:421
-136.350087,-448.999995,264.871647,monalisa,240,330,-78,036861,460,777054,183,080716,13:31:35:446
-137.92939,-448.999989,263.566802,monalisa,240,330,-78,036861,460,777054,183,080716,13:31:35:499
-136.640376,-449.000002,263.661513,monalisa,240,330,-78,036861,460,777054,183,080716,13:31:35:522
-137.127089,-449.000009,263.155661,monalisa,240,330,-78,036861,460,777054,183,080716,13:31:35:550
-138.948729,-449.000017,263.565129,monalisa,240,330,-78,036861,460,777054,183,080716,13:31:35:577
-146.435601,-448.999991,255.077239,monalisa,240,330,-78,036861,460,777054,183,080716,13:31:35:606
-151.519056,-448.520703,237.719506,wall,0,0,0,0,0,13:31:35:633
-151.966443,-448.518268,236.784391,wall,0,0,0,0,0,13:31:35:662
-152.813186,-448.510138,237.238111,wall,0,0,0,0,0,13:31:35:691
-152.962188,-448.508046,237.719212,wall,0,0,0,0,0,13:31:35:719
-152.773322,-448.510262,237.373373,wall,0,0,0,0,0,13:31:35:748
-152.964258,-448.509662,236.687828,wall,0,0,0,0,0,13:31:35:781
-153.23985,-448.507629,236.455699,wall,0,0,0,0,0,13:31:35:803
-152.215831,-448.514782,237.613552,wall,0,0,0,0,0,13:31:35:855
-152.156008,-448.515328,237.600644,wall,0,0,0,0,0,13:31:35:881
-152.230167,-448.514604,237.645479,wall,0,0,0,0,0,13:31:35:913
-152.373476,-448.513166,237.74608,wall,0,0,0,0,0,13:31:35:937
-152.231057,-448.514268,237.842517,wall,0,0,0,0,0,13:31:35:965
-152.438991,-448.513219,237.353541,wall,0,0,0,0,0,13:31:35:995
-152.574276,-448.511985,237.380565,wall,0,0,0,0,0,13:31:36:23
-152.781532,-448.510316,237.28296,wall,0,0,0,0,0,13:31:36:53
-153.039095,-448.508714,236.887871,wall,0,0,0,0,0,13:31:36:82
-153.053508,-448.509495,236.308752,wall,0,0,0,0,0,13:31:36:112
-152.653944,-448.512438,236.669491,wall,0,0,0,0,0,13:31:36:136
-152.557438,-448.513213,236.715488,wall,0,0,0,0,0,13:31:36:168
-152.59801,-448.514291,235.795864,wall,0,0,0,0,0,13:31:36:191
-152.665082,-448.513655,235.835237,wall,0,0,0,0,0,13:31:36:245
-152.699207,-448.512969,236.076233,wall,0,0,0,0,0,13:31:36:270
-152.408994,-448.51669,235.336615,wall,0,0,0,0,0,13:31:36:299
