-140.975443,-446.999992,185.444185,Obraz,200,280,-140,-450,183,14:4:22:376
-141.304762,-447.0,187.982019,Obraz,200,280,-140,-450,183,14:4:22:403
-141.062637,-447.000013,187.997887,Obraz,200,280,-140,-450,183,14:4:22:430
-140.31134,-446.999995,186.194443,Obraz,200,280,-140,-450,183,14:4:22:455
-140.291799,-446.999997,187.92859,Obraz,200,280,-140,-450,183,14:4:22:483
-139.650297,-446.999993,189.58681,Obraz,200,280,-140,-450,183,14:4:22:512
-137.523569,-447.0,190.86478,Obraz,200,280,-140,-450,183,14:4:22:540
-136.734694,-447.0,191.152735,Obraz,200,280,-140,-450,183,14:4:22:568
-137.009606,-446.999995,189.034826,Obraz,200,280,-140,-450,183,14:4:22:596
-137.053617,-446.999999,188.301795,Obraz,200,280,-140,-450,183,14:4:22:624
-136.497771,-447.000005,190.729626,Obraz,200,280,-140,-450,183,14:4:22:652
-136.841696,-447.000005,191.424974,Obraz,200,280,-140,-450,183,14:4:22:680
-137.181065,-447.000006,192.744699,Obraz,200,280,-140,-450,183,14:4:22:708
-137.533985,-447.000005,192.751852,Obraz,200,280,-140,-450,183,14:4:22:736
-137.117262,-446.999995,190.582779,Obraz,200,280,-140,-450,183,14:4:22:764
-137.189509,-447.000006,187.568475,Obraz,200,280,-140,-450,183,14:4:22:792
-137.530705,-446.99999,185.486115,Obraz,200,280,-140,-450,183,14:4:22:820
-137.800962,-447.000006,182.50374,Obraz,200,280,-140,-450,183,14:4:22:848
-138.047932,-446.999991,182.811254,Obraz,200,280,-140,-450,183,14:4:22:876
-143.748103,-446.999998,207.505069,Obraz,200,280,-140,-450,183,14:4:22:904
-149.409464,-446.999999,232.931835,Obraz,200,280,-140,-450,183,14:4:22:931
-148.804846,-446.999997,232.276342,Obraz,200,280,-140,-450,183,14:4:22:960
-148.151999,-447.000002,231.201027,Obraz,200,280,-140,-450,183,14:4:22:987
-148.47935,-446.999999,230.913233,Obraz,200,280,-140,-450,183,14:4:23:15
-148.435779,-447.000002,230.390351,Obraz,200,280,-140,-450,183,14:4:23:43
-148.630625,-446.99999,230.460263,Obraz,200,280,-140,-450,183,14:4:23:70
-149.851296,-446.999991,232.14617,Obraz,200,280,-140,-450,183,14:4:23:98
-150.590521,-447.000001,234.358751,Obraz,200,280,-140,-450,183,14:4:23:126
-151.230722,-446.999999,234.9581,Obraz,200,280,-140,-450,183,14:4:23:154
-151.527373,-446.999997,235.340415,Obraz,200,280,-140,-450,183,14:4:23:182
-151.45943,-447.0,234.664667,Obraz,200,280,-140,-450,183,14:4:23:209
-151.883197,-447.000005,234.390212,Obraz,200,280,-140,-450,183,14:4:23:238
-151.536707,-446.999999,232.619522,Obraz,200,280,-140,-450,183,14:4:23:265
-151.902616,-446.99999,232.822007,Obraz,200,280,-140,-450,183,14:4:23:293
-151.973416,-446.999991,232.227777,Obraz,200,280,-140,-450,183,14:4:23:321
-151.751442,-446.999993,232.272178,Obraz,200,280,-140,-450,183,14:4:23:349
-151.830436,-447.000001,232.825335,Obraz,200,280,-140,-450,183,14:4:23:377
-152.740086,-446.99999,234.240271,Obraz,200,280,-140,-450,183,14:4:23:405
-183.004799,-446.999997,239.265529,Obraz,200,280,-140,-450,183,14:4:23:433
-183.795928,-447.000001,239.373739,Obraz,200,280,-140,-450,183,14:4:23:461
-183.69289,-447.000004,239.111721,Obraz,200,280,-140,-450,183,14:4:23:488
-183.321107,-446.999992,238.874831,Obraz,200,280,-140,-450,183,14:4:23:516
-184.501625,-446.999991,239.699086,Obraz,200,280,-140,-450,183,14:4:23:543
-184.225077,-446.999992,239.48235,Obraz,200,280,-140,-450,183,14:4:23:571
-184.087114,-446.999999,239.562949,Obraz,200,280,-140,-450,183,14:4:23:599
-183.781416,-446.999997,239.894814,Obraz,200,280,-140,-450,183,14:4:23:628
-183.967608,-447.000002,239.90749,Obraz,200,280,-140,-450,183,14:4:23:655
-184.030814,-446.999998,239.638956,Obraz,200,280,-140,-450,183,14:4:23:683
-183.314587,-446.999998,239.145921,Obraz,200,280,-140,-450,183,14:4:23:710
-182.977818,-446.999999,240.069817,Obraz,200,280,-140,-450,183,14:4:23:739
-184.098971,-446.999995,239.82383,Obraz,200,280,-140,-450,183,14:4:23:767
-183.571958,-446.999996,241.154268,Obraz,200,280,-140,-450,183,14:4:23:794
-183.342832,-447.000007,241.122279,Obraz,200,280,-140,-450,183,14:4:23:822
-183.317609,-447.000003,241.191971,Obraz,200,280,-140,-450,183,14:4:23:850
-182.464187,-447.000011,240.667675,Obraz,200,280,-140,-450,183,14:4:23:878
-182.209192,-446.999994,241.003922,Obraz,200,280,-140,-450,183,14:4:23:906
-182.213473,-446.999998,239.507206,Obraz,200,280,-140,-450,183,14:4:23:934
-182.894983,-447.000002,240.880124,Obraz,200,280,-140,-450,183,14:4:23:962
-183.114219,-446.999997,241.227542,Obraz,200,280,-140,-450,183,14:4:23:990
-182.859585,-446.999991,241.130584,Obraz,200,280,-140,-450,183,14:4:24:18
-182.507756,-446.999998,241.202768,Obraz,200,280,-140,-450,183,14:4:24:46
-181.490205,-446.999993,240.594086,Obraz,200,280,-140,-450,183,14:4:24:74
-180.914992,-446.999995,238.755368,Obraz,200,280,-140,-450,183,14:4:24:101
-143.190959,-446.999992,230.930439,Obraz,200,280,-140,-450,183,14:4:24:129
-143.068333,-446.999998,230.660758,Obraz,200,280,-140,-450,183,14:4:24:157
-137.47713,-447.000004,225.673402,Obraz,200,280,-140,-450,183,14:4:24:184
-135.92141,-446.999996,224.93178,Obraz,200,280,-140,-450,183,14:4:24:212
-134.82388,-447.000006,224.814623,Obraz,200,280,-140,-450,183,14:4:24:240
-133.968723,-447.000004,224.400913,Obraz,200,280,-140,-450,183,14:4:24:268
-133.701597,-447.000007,223.857066,Obraz,200,280,-140,-450,183,14:4:24:296
-132.873235,-447.000003,223.793269,Obraz,200,280,-140,-450,183,14:4:24:323
-132.12016,-446.999998,224.792646,Obraz,200,280,-140,-450,183,14:4:24:351
-133.332724,-447.000005,223.378109,Obraz,200,280,-140,-450,183,14:4:24:379
-133.314294,-446.99999,223.735258,Obraz,200,280,-140,-450,183,14:4:24:408
-134.76602,-446.999998,224.224478,Obraz,200,280,-140,-450,183,14:4:24:435
-134.870375,-446.999992,224.598811,Obraz,200,280,-140,-450,183,14:4:24:462
-134.72884,-447.000001,224.707661,Obraz,200,280,-140,-450,183,14:4:24:490
-134.293827,-446.999994,223.954697,Obraz,200,280,-140,-450,183,14:4:24:518
-130.939251,-447.000002,222.937927,Obraz,200,280,-140,-450,183,14:4:24:546
-100.937709,-447.000004,190.572697,Obraz,200,280,-140,-450,183,14:4:24:574
-89.876443,-447.000011,169.702791,Obraz,200,280,-140,-450,183,14:4:24:602
-90.603998,-446.99999,160.449666,Obraz,200,280,-140,-450,183,14:4:24:630
-90.259787,-446.999991,160.087377,Obraz,200,280,-140,-450,183,14:4:24:658
-89.940518,-446.999987,159.016084,Obraz,200,280,-140,-450,183,14:4:24:686
-89.911808,-447.0,158.65919,Obraz,200,280,-140,-450,183,14:4:24:714
-89.272699,-446.999998,157.339679,Obraz,200,280,-140,-450,183,14:4:24:742
-89.272202,-446.999991,156.801845,Obraz,200,280,-140,-450,183,14:4:24:769
-88.244822,-446.999999,157.013685,Obraz,200,280,-140,-450,183,14:4:24:797
-87.125759,-446.999997,157.724738,Obraz,200,280,-140,-450,183,14:4:24:825
-86.247555,-446.999993,158.984809,Obraz,200,280,-140,-450,183,14:4:24:853
-86.719576,-447.000005,159.124615,Obraz,200,280,-140,-450,183,14:4:24:880
-87.576534,-447.000001,157.156459,Obraz,200,280,-140,-450,183,14:4:24:908
-87.569778,-447.000004,156.649519,Obraz,200,280,-140,-450,183,14:4:24:936
-87.446292,-446.999993,156.643602,Obraz,200,280,-140,-450,183,14:4:24:964
-86.859725,-446.999992,156.642017,Obraz,200,280,-140,-450,183,14:4:24:992
-86.989072,-447.000001,156.692452,Obraz,200,280,-140,-450,183,14:4:25:19
-88.674043,-446.999997,156.715805,Obraz,200,280,-140,-450,183,14:4:25:48
-88.659779,-447.000003,156.884676,Obraz,200,280,-140,-450,183,14:4:25:75
-90.28539,-446.999994,156.376857,Obraz,200,280,-140,-450,183,14:4:25:103
-90.647586,-446.999998,155.494954,Obraz,200,280,-140,-450,183,14:4:25:130
-90.857885,-447.000009,155.220316,Obraz,200,280,-140,-450,183,14:4:25:159
-90.912468,-447.000004,155.628704,Obraz,200,280,-140,-450,183,14:4:25:187
-91.334117,-447.000007,155.107746,Obraz,200,280,-140,-450,183,14:4:25:214
-100.763711,-446.999989,144.470208,Obraz,200,280,-140,-450,183,14:4:25:242
-126.900496,-447.000006,117.594099,Obraz,200,280,-140,-450,183,14:4:25:270
-127.08723,-447.000001,116.461341,Obraz,200,280,-140,-450,183,14:4:25:298
-127.200299,-447.000001,116.246006,Obraz,200,280,-140,-450,183,14:4:25:326
-127.371823,-446.999995,113.862706,Obraz,200,280,-140,-450,183,14:4:25:354
-127.461025,-447.00001,113.776586,Obraz,200,280,-140,-450,183,14:4:25:381
-126.930677,-446.999996,113.886605,Obraz,200,280,-140,-450,183,14:4:25:409
-128.038482,-447.0,114.967101,Obraz,200,280,-140,-450,183,14:4:25:437
-127.600914,-446.99999,115.154753,Obraz,200,280,-140,-450,183,14:4:25:465
-127.86442,-446.999998,115.244719,Obraz,200,280,-140,-450,183,14:4:25:493
-128.579387,-446.999996,113.96824,Obraz,200,280,-140,-450,183,14:4:25:521
-129.319302,-446.999999,113.882507,Obraz,200,280,-140,-450,183,14:4:25:548
-128.694632,-446.999999,116.010368,Obraz,200,280,-140,-450,183,14:4:25:576
-128.773795,-447.000008,117.553459,Obraz,200,280,-140,-450,183,14:4:25:604
-138.230487,-446.999997,118.148553,Obraz,200,280,-140,-450,183,14:4:25:632
-138.236375,-447.000008,117.903161,Obraz,200,280,-140,-450,183,14:4:25:660
-167.463042,-447.000004,127.219486,Obraz,200,280,-140,-450,183,14:4:25:687
-168.346628,-447.000003,127.88924,Obraz,200,280,-140,-450,183,14:4:25:716
-168.557725,-446.999999,128.420035,Obraz,200,280,-140,-450,183,14:4:25:743
-168.579843,-447.0,128.910595,Obraz,200,280,-140,-450,183,14:4:25:771
-169.32991,-446.999999,129.043312,Obraz,200,280,-140,-450,183,14:4:25:799
-169.445016,-446.999992,128.935187,Obraz,200,280,-140,-450,183,14:4:25:827
-170.054271,-447.0,129.445707,Obraz,200,280,-140,-450,183,14:4:25:855
-170.802002,-446.999995,131.293654,Obraz,200,280,-140,-450,183,14:4:25:883
-170.896476,-447.000002,131.09378,Obraz,200,280,-140,-450,183,14:4:25:911
-171.034419,-446.999999,129.145881,Obraz,200,280,-140,-450,183,14:4:25:938
-170.920383,-447.0,127.645432,Obraz,200,280,-140,-450,183,14:4:25:966
-170.897774,-446.999993,127.609062,Obraz,200,280,-140,-450,183,14:4:25:994
-170.554251,-447.0,127.610377,Obraz,200,280,-140,-450,183,14:4:26:22
-170.222036,-447.000003,127.568916,Obraz,200,280,-140,-450,183,14:4:26:50
-169.121005,-446.999998,127.826777,Obraz,200,280,-140,-450,183,14:4:26:78
-169.183665,-447.000004,129.113793,Obraz,200,280,-140,-450,183,14:4:26:105
-169.245357,-446.999988,129.216688,Obraz,200,280,-140,-450,183,14:4:26:134
-168.928534,-446.999997,129.272079,Obraz,200,280,-140,-450,183,14:4:26:161
-169.383678,-447.000005,129.159804,Obraz,200,280,-140,-450,183,14:4:26:189
-169.047231,-446.999996,126.880217,Obraz,200,280,-140,-450,183,14:4:26:217
-168.993619,-447.0,128.774267,Obraz,200,280,-140,-450,183,14:4:26:244
-165.117316,-447.000005,131.026194,Obraz,200,280,-140,-450,183,14:4:26:273
-151.512949,-446.999996,167.345117,Obraz,200,280,-140,-450,183,14:4:26:301
-148.665552,-447.000005,174.947417,Obraz,200,280,-140,-450,183,14:4:26:329
-148.338844,-447.000003,174.531973,Obraz,200,280,-140,-450,183,14:4:26:356
-148.521553,-446.999997,174.29086,Obraz,200,280,-140,-450,183,14:4:26:384
-148.193326,-447.000007,171.578705,Obraz,200,280,-140,-450,183,14:4:26:412
-148.224096,-446.999996,171.750952,Obraz,200,280,-140,-450,183,14:4:26:439
-147.827029,-447.00001,171.722088,Obraz,200,280,-140,-450,183,14:4:26:468
-148.016427,-447.0,172.125648,Obraz,200,280,-140,-450,183,14:4:26:495
-147.906513,-447.000009,172.875729,Obraz,200,280,-140,-450,183,14:4:26:522
-147.656264,-446.999996,173.255667,Obraz,200,280,-140,-450,183,14:4:26:551
-147.487511,-446.999999,175.729275,Obraz,200,280,-140,-450,183,14:4:26:579
-146.976947,-446.999996,214.754593,Obraz,200,280,-140,-450,183,14:4:26:607
-147.023499,-447.000006,225.358717,Obraz,200,280,-140,-450,183,14:4:26:635
-147.05496,-446.99999,225.450365,Obraz,200,280,-140,-450,183,14:4:26:662
-147.664875,-446.999997,225.859533,Obraz,200,280,-140,-450,183,14:4:26:690
-147.902778,-446.999997,225.97959,Obraz,200,280,-140,-450,183,14:4:26:718
-148.060477,-446.999995,226.161971,Obraz,200,280,-140,-450,183,14:4:26:746
-148.462844,-446.999991,226.037123,Obraz,200,280,-140,-450,183,14:4:26:774
-148.711586,-446.999992,224.814427,Obraz,200,280,-140,-450,183,14:4:26:802
-148.634353,-447.000003,224.493768,Obraz,200,280,-140,-450,183,14:4:26:829
-148.716836,-447.0,223.650745,Obraz,200,280,-140,-450,183,14:4:26:857
-148.694355,-446.999992,223.647242,Obraz,200,280,-140,-450,183,14:4:26:884
-148.768816,-447.000003,223.595904,Obraz,200,280,-140,-450,183,14:4:26:913
-148.667844,-446.999992,223.748007,Obraz,200,280,-140,-450,183,14:4:26:941
-148.646399,-447.000006,225.822421,Obraz,200,280,-140,-450,183,14:4:26:969
-147.838835,-447.000009,225.890762,Obraz,200,280,-140,-450,183,14:4:26:996
-147.349939,-447.000012,226.101974,Obraz,200,280,-140,-450,183,14:4:27:24
-146.683634,-447.000002,225.96429,Obraz,200,280,-140,-450,183,14:4:27:52
-146.727368,-446.999993,224.271531,Obraz,200,280,-140,-450,183,14:4:27:80
-147.467937,-447.000011,224.235547,Obraz,200,280,-140,-450,183,14:4:27:107
-148.366061,-447.0,224.947654,Obraz,200,280,-140,-450,183,14:4:27:135
-148.617613,-446.99999,225.281024,Obraz,200,280,-140,-450,183,14:4:27:163
-147.547399,-447.0,224.787025,Obraz,200,280,-140,-450,183,14:4:27:191
-147.620496,-447.000009,224.86402,Obraz,200,280,-140,-450,183,14:4:27:219
-146.982232,-446.999994,224.838813,Obraz,200,280,-140,-450,183,14:4:27:246
-147.053516,-447.00001,225.355573,Obraz,200,280,-140,-450,183,14:4:27:274
-146.88913,-446.999997,224.973756,Obraz,200,280,-140,-450,183,14:4:27:303
-147.325209,-447.000001,225.2271,Obraz,200,280,-140,-450,183,14:4:27:330
-147.595016,-446.999996,225.312743,Obraz,200,280,-140,-450,183,14:4:27:358
-147.672467,-447.000005,225.615261,Obraz,200,280,-140,-450,183,14:4:27:386
-146.997886,-447.000002,225.67518,Obraz,200,280,-140,-450,183,14:4:27:414
-146.648213,-447.0,225.452557,Obraz,200,280,-140,-450,183,14:4:27:442
-146.46111,-447.00001,224.917769,Obraz,200,280,-140,-450,183,14:4:27:470
-146.460791,-447.000001,225.831055,Obraz,200,280,-140,-450,183,14:4:27:498
-146.645774,-446.999996,225.602426,Obraz,200,280,-140,-450,183,14:4:27:526
-146.725533,-447.000001,225.437706,Obraz,200,280,-140,-450,183,14:4:27:553
-145.956769,-447.000002,225.108423,Obraz,200,280,-140,-450,183,14:4:27:581
-146.341876,-447.000006,225.144164,Obraz,200,280,-140,-450,183,14:4:27:609
-145.453826,-447.000001,225.692465,Obraz,200,280,-140,-450,183,14:4:27:637
-146.210953,-447.000001,225.272597,Obraz,200,280,-140,-450,183,14:4:27:665
-145.867412,-447.000004,224.920358,Obraz,200,280,-140,-450,183,14:4:27:693
