-152.230138,-448.573191,200.837507,wall,0,0,0,0,0,13:33:22:676
-150.181058,-448.576319,210.162517,wall,0,0,0,0,0,13:33:22:745
-150.049015,-448.574619,211.954631,wall,0,0,0,0,0,13:33:22:767
-149.757865,-448.577174,211.937952,wall,0,0,0,0,0,13:33:22:790
-149.52788,-448.582054,210.140325,wall,0,0,0,0,0,13:33:22:840
-149.759503,-448.579582,210.418279,wall,0,0,0,0,0,13:33:22:863
-150.193629,-448.576351,210.061171,wall,0,0,0,0,0,13:33:22:890
-151.242198,-448.567036,210.143433,wall,0,0,0,0,0,13:33:22:917
-151.665871,-448.563352,210.113889,wall,0,0,0,0,0,13:33:22:946
-151.780442,-448.563245,209.552885,wall,0,0,0,0,0,13:33:22:975
-151.317978,-448.567706,209.317459,wall,0,0,0,0,0,13:33:23:3
-151.489755,-448.566371,209.194396,wall,0,0,0,0,0,13:33:23:31
-151.528608,-448.566479,208.91957,wall,0,0,0,0,0,13:33:23:58
-151.632422,-448.565576,208.896977,wall,0,0,0,0,0,13:33:23:87
-150.755861,-448.573782,208.583168,wall,0,0,0,0,0,13:33:23:113
-150.297777,-448.578627,208.055629,wall,0,0,0,0,0,13:33:23:143
-150.334223,-448.578797,207.750287,wall,0,0,0,0,0,13:33:23:168
-150.29497,-448.579305,207.657383,wall,0,0,0,0,0,13:33:23:196
-149.710115,-448.584368,207.693846,wall,0,0,0,0,0,13:33:23:225
-149.653408,-448.585547,207.273346,wall,0,0,0,0,0,13:33:23:254
-149.887026,-448.584267,206.782564,wall,0,0,0,0,0,13:33:23:282
-150.157161,-448.58198,206.728957,wall,0,0,0,0,0,13:33:23:311
-150.790058,-448.576632,206.595004,wall,0,0,0,0,0,13:33:23:339
-151.549836,-448.574067,204.029887,wall,0,0,0,0,0,13:33:23:368
-152.869394,-448.573467,197.141928,wall,0,0,0,0,0,13:33:23:394
-152.629941,-448.576411,196.600332,wall,0,0,0,0,0,13:33:23:423
-152.677134,-448.575965,196.630678,wall,0,0,0,0,0,13:33:23:450
-152.253765,-448.578723,197.235829,wall,0,0,0,0,0,13:33:23:478
-152.402937,-448.576991,197.508154,wall,0,0,0,0,0,13:33:23:506
-152.34825,-448.580348,195.675506,wall,0,0,0,0,0,13:33:23:535
-152.139529,-448.587138,192.566797,wall,0,0,0,0,0,13:33:23:562
-152.018483,-448.588105,192.638028,wall,0,0,0,0,0,13:33:23:591
-151.359651,-448.593762,192.702977,wall,0,0,0,0,0,13:33:23:617
-151.330094,-448.594705,192.281751,wall,0,0,0,0,0,13:33:23:644
-151.35055,-448.594737,192.150784,wall,0,0,0,0,0,13:33:23:671
-153.028379,-448.580162,192.064906,wall,0,0,0,0,0,13:33:23:698
-153.570837,-448.575151,192.215646,wall,0,0,0,0,0,13:33:23:725
-153.410392,-448.57637,192.340429,wall,0,0,0,0,0,13:33:23:754
-153.324929,-448.57633,192.827584,wall,0,0,0,0,0,13:33:23:782
-152.817735,-448.581016,192.679369,wall,0,0,0,0,0,13:33:23:811
-152.654532,-448.584254,191.556968,wall,0,0,0,0,0,13:33:23:841
-152.627717,-448.584304,191.654637,wall,0,0,0,0,0,13:33:23:870
-152.589087,-448.58461,191.692439,wall,0,0,0,0,0,13:33:23:898
-152.804796,-448.583109,191.445421,wall,0,0,0,0,0,13:33:23:928
-152.645393,-448.582818,192.499888,wall,0,0,0,0,0,13:33:23:952
-149.793074,-448.570176,216.139906,wall,0,0,0,0,0,13:33:23:979
-148.30276,-448.552106,235.696582,wall,0,0,0,0,0,13:33:24:8
-148.987893,-448.544114,236.946506,wall,0,0,0,0,0,13:33:24:36
-148.587089,-448.547273,237.18552,wall,0,0,0,0,0,13:33:24:65
-148.986901,-448.543159,237.566022,wall,0,0,0,0,0,13:33:24:94
-149.581867,-448.537839,237.631137,wall,0,0,0,0,0,13:33:24:122
-149.63984,-448.540535,235.604764,wall,0,0,0,0,0,13:33:24:150
-149.826662,-448.538978,235.553562,wall,0,0,0,0,0,13:33:24:178
-149.88901,-448.536904,236.522357,wall,0,0,0,0,0,13:33:24:206
-149.537255,-448.540102,236.442643,wall,0,0,0,0,0,13:33:24:232
-149.772703,-448.537859,236.566316,wall,0,0,0,0,0,13:33:24:261
-149.84111,-448.538045,236.064145,wall,0,0,0,0,0,13:33:24:287
-149.363011,-448.543025,235.580396,wall,0,0,0,0,0,13:33:24:315
-149.186505,-448.544063,235.89603,wall,0,0,0,0,0,13:33:24:343
-148.442352,-448.550814,235.753593,wall,0,0,0,0,0,13:33:24:371
-148.331386,-448.552641,235.22006,wall,0,0,0,0,0,13:33:24:400
-148.573753,-448.550686,235.106157,wall,0,0,0,0,0,13:33:24:429
-148.507391,-448.551376,235.02569,wall,0,0,0,0,0,13:33:24:455
-148.664577,-448.54968,235.246786,wall,0,0,0,0,0,13:33:24:483
-149.031629,-448.545803,235.645277,wall,0,0,0,0,0,13:33:24:512
-153.780243,-448.501957,237.035557,wall,0,0,0,0,0,13:33:24:567
-154.333467,-448.495996,237.74381,wall,0,0,0,0,0,13:33:24:590
-154.195327,-448.497122,237.788609,wall,0,0,0,0,0,13:33:24:620
-153.827222,-448.501078,237.350277,wall,0,0,0,0,0,13:33:24:646
-154.371231,-448.496931,236.944607,wall,0,0,0,0,0,13:33:24:676
-153.941885,-448.499843,237.472164,wall,0,0,0,0,0,13:33:24:702
-153.617416,-448.503678,236.870056,wall,0,0,0,0,0,13:33:24:730
-154.20878,-448.498869,236.622378,wall,0,0,0,0,0,13:33:24:758
-154.228977,-448.498879,236.513809,wall,0,0,0,0,0,13:33:24:787
-154.841749,-448.492538,237.103894,wall,0,0,0,0,0,13:33:24:815
-155.207581,-448.488034,237.927053,wall,0,0,0,0,0,13:33:24:844
-155.162341,-448.488372,237.952589,wall,0,0,0,0,0,13:33:24:872
-153.873471,-448.500204,237.617944,wall,0,0,0,0,0,13:33:24:900
-153.744703,-448.50134,237.623972,wall,0,0,0,0,0,13:33:24:928
-152.793534,-448.509368,237.82977,wall,0,0,0,0,0,13:33:24:957
-152.679107,-448.511216,237.277208,wall,0,0,0,0,0,13:33:24:983
-153.365521,-448.504857,237.502469,wall,0,0,0,0,0,13:33:25:10
-153.148634,-448.50637,237.751363,wall,0,0,0,0,0,13:33:25:37
-152.95901,-448.507517,238.068306,wall,0,0,0,0,0,13:33:25:64
-152.779608,-448.508233,238.620067,wall,0,0,0,0,0,13:33:25:90
-153.470266,-448.526241,239.051999,wall,0,0,0,0,0,13:33:25:120
-154.888952,-448.625076,241.344306,wall,0,0,0,0,0,13:33:25:149
-164.228064,-449.000011,257.539569,monalisa,240,330,-78,036861,460,777054,183,080716,13:33:25:178
-165.642016,-448.999999,258.263349,monalisa,240,330,-78,036861,460,777054,183,080716,13:33:25:206
-165.790402,-449.000015,258.288448,monalisa,240,330,-78,036861,460,777054,183,080716,13:33:25:236
-166.146459,-449.000009,258.430836,monalisa,240,330,-78,036861,460,777054,183,080716,13:33:25:265
-165.38332,-449.000016,257.992794,monalisa,240,330,-78,036861,460,777054,183,080716,13:33:25:296
-165.425473,-449.000014,258.354617,monalisa,240,330,-78,036861,460,777054,183,080716,13:33:25:318
-165.077194,-449.0,257.502895,monalisa,240,330,-78,036861,460,777054,183,080716,13:33:25:372
-163.449268,-449.000004,257.533394,monalisa,240,330,-78,036861,460,777054,183,080716,13:33:25:398
-162.835953,-449.000004,257.101434,monalisa,240,330,-78,036861,460,777054,183,080716,13:33:25:427
-163.136679,-448.999991,257.909214,monalisa,240,330,-78,036861,460,777054,183,080716,13:33:25:461
-163.066237,-449.000002,257.882284,monalisa,240,330,-78,036861,460,777054,183,080716,13:33:25:484
-163.266684,-448.999991,258.192244,monalisa,240,330,-78,036861,460,777054,183,080716,13:33:25:512
-163.493345,-449.000019,258.567091,monalisa,240,330,-78,036861,460,777054,183,080716,13:33:25:538
-163.540873,-448.999987,258.783263,monalisa,240,330,-78,036861,460,777054,183,080716,13:33:25:563
-163.449563,-449.000023,258.799343,monalisa,240,330,-78,036861,460,777054,183,080716,13:33:25:594
-162.743468,-449.000006,261.034166,monalisa,240,330,-78,036861,460,777054,183,080716,13:33:25:620
-161.140852,-448.999997,261.668258,monalisa,240,330,-78,036861,460,777054,183,080716,13:33:25:648
-160.995423,-448.999998,259.917278,monalisa,240,330,-78,036861,460,777054,183,080716,13:33:25:678
-161.935489,-448.999992,259.686327,monalisa,240,330,-78,036861,460,777054,183,080716,13:33:25:707
-162.716695,-449.000006,260.3786,monalisa,240,330,-78,036861,460,777054,183,080716,13:33:25:736
-162.833861,-449.0,260.977453,monalisa,240,330,-78,036861,460,777054,183,080716,13:33:25:765
-162.958331,-449.000006,259.680887,monalisa,240,330,-78,036861,460,777054,183,080716,13:33:25:794
-162.488772,-448.999998,261.905375,monalisa,240,330,-78,036861,460,777054,183,080716,13:33:25:820
-162.282455,-448.999997,262.273857,monalisa,240,330,-78,036861,460,777054,183,080716,13:33:25:847
-161.620155,-448.999988,263.31702,monalisa,240,330,-78,036861,460,777054,183,080716,13:33:25:875
-162.060117,-448.999994,277.133958,monalisa,240,330,-78,036861,460,777054,183,080716,13:33:25:904
-167.8802,-449.000003,296.193234,monalisa,240,330,-78,036861,460,777054,183,080716,13:33:25:931
-167.910541,-449.000006,295.962866,monalisa,240,330,-78,036861,460,777054,183,080716,13:33:25:961
-185.813608,-448.999994,311.422239,monalisa,240,330,-78,036861,460,777054,183,080716,13:33:25:993
-186.185197,-448.999996,311.095212,monalisa,240,330,-78,036861,460,777054,183,080716,13:33:26:41
-186.398061,-449.000006,312.161019,monalisa,240,330,-78,036861,460,777054,183,080716,13:33:26:67
-185.729671,-448.99999,313.698466,monalisa,240,330,-78,036861,460,777054,183,080716,13:33:26:96
-185.542803,-449.000001,311.397066,monalisa,240,330,-78,036861,460,777054,183,080716,13:33:26:130
-185.538703,-448.999987,310.762772,monalisa,240,330,-78,036861,460,777054,183,080716,13:33:26:152
-155.760079,-448.999988,279.427771,monalisa,240,330,-78,036861,460,777054,183,080716,13:33:26:205
-147.286086,-448.999995,268.727262,monalisa,240,330,-78,036861,460,777054,183,080716,13:33:26:230
-147.280855,-449.00001,267.909546,monalisa,240,330,-78,036861,460,777054,183,080716,13:33:26:263
-147.476907,-449.000013,267.440403,monalisa,240,330,-78,036861,460,777054,183,080716,13:33:26:286
-147.454661,-449.000006,266.381509,monalisa,240,330,-78,036861,460,777054,183,080716,13:33:26:343
-147.389036,-448.999992,264.483912,monalisa,240,330,-78,036861,460,777054,183,080716,13:33:26:366
-147.313494,-449.000007,264.437237,monalisa,240,330,-78,036861,460,777054,183,080716,13:33:26:395
-146.964115,-449.000013,264.076367,monalisa,240,330,-78,036861,460,777054,183,080716,13:33:26:423
-146.779829,-449.000005,264.058951,monalisa,240,330,-78,036861,460,777054,183,080716,13:33:26:452
-146.100577,-448.999992,265.418585,monalisa,240,330,-78,036861,460,777054,183,080716,13:33:26:492
-145.912864,-449.000009,265.214339,monalisa,240,330,-78,036861,460,777054,183,080716,13:33:26:520
-145.981351,-449.000004,265.800811,monalisa,240,330,-78,036861,460,777054,183,080716,13:33:26:545
-146.098666,-448.999998,265.588166,monalisa,240,330,-78,036861,460,777054,183,080716,13:33:26:599
-146.428754,-449.000007,265.572584,monalisa,240,330,-78,036861,460,777054,183,080716,13:33:26:630
-146.335716,-449.000023,264.928913,monalisa,240,330,-78,036861,460,777054,183,080716,13:33:26:658
-146.37955,-449.000002,265.252575,monalisa,240,330,-78,036861,460,777054,183,080716,13:33:26:684
-145.882204,-449.000021,264.71759,monalisa,240,330,-78,036861,460,777054,183,080716,13:33:26:739
-146.322675,-448.999976,264.282917,monalisa,240,330,-78,036861,460,777054,183,080716,13:33:26:762
-145.833873,-449.000004,264.424144,monalisa,240,330,-78,036861,460,777054,183,080716,13:33:26:794
-144.95486,-448.999998,262.156148,monalisa,240,330,-78,036861,460,777054,183,080716,13:33:26:817
